[[0 67 21 109 array([0.82235725])]
 [0 95 21 137 array([0.70350509])]
 [19 0 61 21 array([0.90424634])]
 [19 0 61 25 array([0.82704494])]
 [23 0 65 21 array([0.74567078])]
 [23 0 65 25 array([0.8274273])]
 [71 39 113 81 array([0.8855463])]
 [75 35 117 77 array([0.96479297])]
 [75 39 117 81 array([0.97523741])]
 [79 31 121 73 array([0.71684412])]
 [79 35 121 77 array([0.99392783])]
 [79 39 121 81 array([0.99233974])]
 [79 43 121 85 array([0.74873037])]
 [83 27 125 69 array([0.81294522])]
 [83 31 125 73 array([0.95961037])]
 [83 35 125 77 array([0.95953739])]
 [83 39 125 81 array([0.71982862])]
 [107 87 149 129 array([0.71601311])]
 [107 95 149 137 array([0.84016592])]
 [111 95 153 137 array([0.81747749])]
 [40 60 96 116 array([0.75758364])]
 [40 64 96 120 array([0.72857992])]
 [60 28 116 84 array([0.72911975])]
 [60 32 116 88 array([0.73966492])]
 [64 24 120 80 array([0.8542157])]
 [64 28 120 84 array([0.95056067])]
 [68 24 124 80 array([0.95093407])]
 [68 28 124 84 array([0.94257507])]
 [72 24 128 80 array([0.9123045])]
 [72 28 128 84 array([0.79411241])]
 [108 96 164 144 array([0.70701141])]
 [33 41 103 111 array([0.75599506])]
 [33 45 103 115 array([0.72027728])]
 [33 49 103 119 array([0.7261212])]
 [37 37 107 107 array([0.81765153])]
 [37 41 107 111 array([0.78623552])]
 [53 17 123 87 array([0.75472465])]
 [53 21 123 91 array([0.75561533])]
 [57 13 127 83 array([0.76306477])]
 [57 21 127 91 array([0.71596554])]
 [65 17 135 87 array([0.81242692])]
 [93 85 163 144 array([0.70852376])]
 [97 77 167 144 array([0.83792644])]]
(43, 5)
