[[19 0 61 21 array([0.89302928])]
 [23 0 65 21 array([0.97140705])]
 [27 0 69 21 array([0.79016093])]
 [31 0 73 29 array([0.79619655])]
 [49 21 119 91 array([0.78168448])]
 [53 21 123 91 array([0.74728969])]
 [64 28 120 84 array([0.75457639])]
 [75 35 117 77 array([0.94871387])]
 [68 28 124 84 array([0.9385324])]
 [79 35 121 77 array([0.99212561])]
 [83 35 125 77 array([0.87338609])]
 [49 25 119 95 array([0.7621591])]
 [71 39 113 81 array([0.72660855])]
 [75 39 117 81 array([0.91832116])]
 [79 39 121 81 array([0.99564443])]
 [83 39 125 81 array([0.74302863])]
 [41 29 111 99 array([0.75635634])]
 [45 29 115 99 array([0.91817104])]
 [49 29 119 99 array([0.92539975])]
 [79 43 121 85 array([0.86598107])]
 [83 43 125 85 array([0.93237964])]
 [37 33 107 103 array([0.82687448])]
 [41 33 111 103 array([0.90457988])]
 [45 33 115 103 array([0.71453657])]
 [49 33 119 103 array([0.8496608])]
 [60 40 116 96 array([0.83055275])]
 [79 47 121 89 array([0.76369632])]
 [83 47 125 89 array([0.86085405])]
 [33 37 103 107 array([0.81367118])]
 [37 37 107 107 array([0.96411128])]
 [41 37 111 107 array([0.9914925])]
 [45 37 115 107 array([0.85798958])]
 [49 37 119 107 array([0.74181404])]
 [33 41 103 111 array([0.76935941])]
 [37 41 107 111 array([0.90978113])]
 [44 52 100 108 array([0.76845965])]
 [43 63 85 105 array([0.97117922])]
 [33 49 103 119 array([0.92642132])]
 [43 67 85 109 array([0.85981631])]
 [43 71 85 113 array([0.70904594])]
 [100 72 156 128 array([0.71355161])]
 [105 69 175 139 array([0.92461695])]
 [107 87 149 129 array([0.71401472])]
 [107 91 149 133 array([0.92535723])]
 [107 95 149 137 array([0.85197705])]]
(45, 5)
